16,192,1,1
16,192,0,0
16,128,1,1
16,128,0,0
12,192,1,1
12,192,0,1
12,192,1,0
12,192,0,0
12,156,1,1
12,156,0,0
12,128,1,1
12,128,0,0
12,96,1,1
12,96,0,0
8,156,1,1
8,156,1,0
8,156,0,1
8,156,0,0
8,128,1,1
8,128,1,0
8,128,0,1
8,128,0,0
8,96,1,1
8,96,1,0
8,96,0,1
8,96,0,0
8,64,1,1
8,64,1,0
8,64,0,1
8,64,0,0
8,32,1,1
8,32,1,0
8,32,0,1
8,32,0,0
8,16,0,0
6,128,1,1
6,128,1,0
6,128,0,1
6,128,0,0
6,96,1,1
6,96,1,0
6,96,0,1
6,96,0,0
6,64,1,1
6,64,1,0
6,64,0,1
6,64,0,0
6,32,1,1
6,32,1,0
6,32,0,1
6,32,0,0
6,16,1,1
6,16,1,0
6,16,0,1
6,16,0,0
6,12,1,1
6,12,1,0
6,12,0,1
6,12,0,0
6,8,0,0
4,64,1,1
4,64,1,0
4,64,0,1
4,64,0,0
4,32,1,1
4,32,1,0
4,32,0,1
4,32,0,0
4,16,1,1
4,16,1,0
4,16,0,1
4,16,0,0
4,8,1,0
4,8,0,0
4,4,1,0
4,4,0,0
2,32,1,1
2,32,1,0
2,32,0,1
2,32,0,0
2,16,1,1
2,16,1,0
2,16,0,1
2,16,0,0
2,8,1,0
2,8,0,1
2,8,1,1
2,8,0,0
2,4,1,0
2,4,0,1
2,4,1,1
2,4,0,0
2,2,1,0
2,2,0,0
1,4,1,0
1,4,0,1
1,4,1,1
1,4,0,0
1,2,1,0
1,2,0,1
1,2,1,1
1,2,0,0
1,1,1,0
1,1,0,1
1,1,1,1
1,1,0,0
